报告日,经营活动产生的现金流量,销售商品、提供劳务收到的现金,客户存款和同业存放款项净增加额,向中央银行借款净增加额,向其他金融机构拆入资金净增加额,收到原保险合同保费取得的现金,收到再保险业务现金净额,保户储金及投资款净增加额,处置交易性金融资产净增加额,收取利息、手续费及佣金的现金,拆入资金净增加额,回购业务资金净增加额,收到的税费返还,收到的其他与经营活动有关的现金,经营活动现金流入小计,购买商品、接受劳务支付的现金,客户贷款及垫款净增加额,存放中央银行和同业款项净增加额,支付原保险合同赔付款项的现金,支付利息、手续费及佣金的现金,支付保单红利的现金,支付给职工以及为职工支付的现金,支付的各项税费,支付的其他与经营活动有关的现金,经营活动现金流出小计,经营活动产生的现金流量净额,投资活动产生的现金流量,收回投资所收到的现金,取得投资收益收到的现金,处置固定资产、无形资产和其他长期资产所收回的现金净额,处置子公司及其他营业单位收到的现金净额,收到的其他与投资活动有关的现金,减少质押和定期存款所收到的现金,处置可供出售金融资产净增加额,投资活动现金流入小计,购建固定资产、无形资产和其他长期资产所支付的现金,投资所支付的现金,质押贷款净增加额,取得子公司及其他营业单位支付的现金净额,增加质押和定期存款所支付的现金,支付的其他与投资活动有关的现金,投资活动现金流出小计,投资活动产生的现金流量净额,筹资活动产生的现金流量,吸收投资收到的现金,子公司吸收少数股东投资收到的现金,取得借款收到的现金,发行债券收到的现金,收到其他与筹资活动有关的现金,筹资活动现金流入小计,偿还债务支付的现金,分配股利、利润或偿付利息所支付的现金,子公司支付给少数股东的股利、利润,支付其他与筹资活动有关的现金,筹资活动现金流出小计,筹资活动产生的现金流量净额,汇率变动对现金及现金等价物的影响,现金及现金等价物净增加额,期初现金及现金等价物余额,现金的期末余额,现金的期初余额,现金等价物的期末余额,现金等价物的期初余额,期末现金及现金等价物余额,数据源,是否审计,公告日期,币种,类型,更新日期
20260331,,64783100382.62,,,,,,,,,,,2454977501.27,1436675604.38,68674753488.27,51969657398.68,,,,,,1374714707.93,5201814957.08,1591179689.24,60137366752.93,8537386735.34,,1502266736.0,236763.7,1168032.76,,14144325.0,,,1517815857.46,10655571676.23,1727077211.78,,,,5231900.0,12387880788.01,-10870064930.55,,,,55203742277.84,,1932500000.0,57136242277.84,42466641183.6,1821777755.51,,2358929264.9,46647348204.01,10488894073.83,132678473.5,8288894352.12,12868997873.44,,,,,21157892225.56,定期报告,未审计,20260428,CNY,合并期末,2026-04-27T21:16:10
20251231,,347635310755.39,,,,,,,,,,,8192982942.9,5304135990.78,361132429689.07,282644523570.94,,,,,,3305006038.73,26626691746.89,3149740913.9,315725962270.46,45406467418.61,,4267033716.54,59654510.65,17014767.6,491583064.09,63947965.63,,,4899234024.51,42681845985.26,4272634018.39,,,,88335735.63,47042815739.28,-42143581714.77,,,,140260974208.19,,6167465625.41,146428439833.6,132752145972.77,8380943834.55,,8576442773.49,149709532580.81,-3281092747.21,-56627418.64,-74834462.01,12943832335.45,12868997873.44,12943832335.45,,,12868997873.44,定期报告,是,20260428,CNY,合并期末,2026-04-27T21:16:10
20250930,,256080407861.85,,,,,,,,,,,3481383150.11,3240445239.89,262802236251.85,213931539755.26,,,,,,2914678568.27,20257608260.93,2051524676.08,239155351260.54,23646884991.31,,2458873338.98,48654510.65,3653231.97,,45808000.11,,,2556989081.71,24188267957.57,2896603472.09,,,,51538878.04,27136410307.7,-24579421225.99,,,,106087834844.59,,7123364422.71,113211199267.3,95265003738.35,6553425569.91,,1863946378.47,103682375686.73,9528823580.57,5501733.27,8601789079.16,12943832335.45,,,,,21545621414.61,定期报告,未审计,20251030,CNY,合并期末,2025-10-29T20:10:16
20250630,,166127081795.62,,,,,,,,,,,2764625616.17,2915095527.88,171806802939.67,145101204904.23,,,,,,2179536574.5,15388171037.48,1551265169.78,164220177685.99002,7586625253.68,,1659568485.19,48654510.65,3651539.93,,33463822.77,,,1745338358.54,15577226702.86,2191197289.79,,,,37285472.76,17805709465.41,-16060371106.87,,,,64601920548.88,,12429276412.04,77031196960.92,61676972719.77,4716590091.88,,1092449633.16,67486012444.81,9545184516.11,6697093.82,1078135756.74,12943832335.45,14021968092.19,12943832335.45,,,14021968092.19,定期报告,未审计,20250823,CNY,合并期末,2025-08-22T19:40:05
20250331,,84657306364.47,,,,,,,,,,,1279835331.52,1456252289.27,87393393985.26,69267409395.37,,,,,,1423588401.74,7403670111.5,1321389727.69,79416057636.3,7977336348.96,,895723709.01,5000000.0,3620231.11,,32258640.12,,,936602580.24,8674201384.78,586481324.68,,,,35191149.01,9295873858.47,-8359271278.23,,,,33368092582.16,,9494564451.6,42862657033.76,27067552657.74,1873280050.02,,169977244.7,29110809952.46,13751847081.3,-9486969.0,13360425183.03,12943832335.45,,,,,26304257518.48,定期报告,未审计,20260428,CNY,合并期末,2025-04-29T20:50:17
20241231,,372036265785.03,,,,,,,,,,,8183620508.01,3999364594.26,384219250887.3,319391099945.22,,,,,,3418589693.72,24125457835.49,2674976807.99,349610124282.42,34609126604.88,,3519097041.94,24778639.6,264117510.59,,185655184.16,,,3993648376.29,31582215734.4,3524971851.23,,,,142342025.66,35249529611.29,-31255881235.0,,1728000000.0,1728000000.0,126032872268.04,,21475993068.61,149236865336.65,124519359588.57,12029536471.85,2678000000.0,14376254046.91,150925150107.33,-1688284770.68,-207983361.27,1456977237.93,11486855097.52,12943832335.45,11486855097.52,,,12943832335.45,定期报告,是,20260428,CNY,合并期末,2025-04-25T00:54:10
20240930,,275403353930.66,,,,,,,,,,,5027967123.04,3289326469.98,283720647523.68,241595326477.71,,,,,,3028083821.05,17474462782.72,1906313297.9,264004186379.38,19716461144.3,,2117925440.32,13228639.6,259399359.92,,59442128.95,,,2449995568.79,24471599974.54,1811183298.84,,,,78973342.66,26361756616.04,-23911761047.25,,228000000.0,228000000.0,100091778736.68,,33099227104.29,133419005840.97,98277461250.13,7102693648.85,228000000.0,7190024667.49,112570179566.47,20848826274.5,-245375624.97,16408150746.58,11486855097.52,,,,,27895005844.1,定期报告,未审计,20251030,CNY,合并期末,2024-10-29T20:40:05
20240630,,174417692257.96997,,,,,,,,,,,2602039750.26,2920163105.87,179939895114.1,156652864492.84998,,,,,,2295802786.75,11009232043.73,1589457438.81,171547356762.14,8392538351.96,,1473616505.29,13228639.6,259399359.92,,59352298.76,,,1805596803.57,17344328757.83,1056298128.11,,,,108503840.4,18509130726.34,-16703533922.77,,228000000.0,228000000.0,74713977878.21,,18799408866.65,93741386744.86,69885306739.83,5175591739.74,228000000.0,4679731600.44,79740630080.01,14000756664.85,-167099802.81,5522661291.23,11486855097.52,17009516388.75,11486855097.52,,,17009516388.75,定期报告,未审计,20250823,CNY,合并期末,2024-08-27T19:50:15
20240331,,88428593585.76,,,,,,,,,,,1958361629.02,1795724448.59,92182679663.37,79836272551.22,,,,,,1558998186.28,5112583789.96,1545554152.05,88053408679.51,4129270983.86,,761449460.7,0.0,222923497.09,,26899512.55,,,1011272470.34,9942349586.69,424646154.66,,,,99992166.91,10466987908.26,-9455715437.92,,,,36543200351.24,,9448341833.32,45991542184.56,26952016657.62,1969038091.06,,2717787689.43,31638842438.11,14352699746.45,-95200192.77,8931055099.62,11486855097.51,,,,,20417910197.13,定期报告,未审计,20250430,CNY,合并期末,2024-04-29T18:45:05
20231231,,427728683875.50006,,,,,,,,,,,9958573336.65,5651780404.79,443339037616.94,382643654728.9,,,,,,3522432198.53,25072810953.81,4020918226.97,415259816108.21,28079221508.73,,3180301658.7,46185918.8,33821614.72,18698663.16,471846135.19,,,3750853990.57,32643267964.49,3178359828.41,,,,216460115.21,36038087908.11,-32287233917.54,,,,138409693130.84,,20885325460.0,159295018590.84,117188136080.88,9700463891.53,,31203648155.85,158092248128.26,1202770462.58,-967182760.02,-3972424706.25,15459279803.77,11486855097.52,15459279803.77,,,11486855097.52,定期报告,是,20250425,CNY,合并期末,2024-04-25T22:05:11
20230930,,274866301259.77,,,,,,,,,,,5648797165.48,4915402756.91,285430501182.16,262355709952.97,,,,,,3038294442.6,18354569355.34,3932198026.0,287680771776.91003,-2250270594.75,,2126232888.36,39812378.8,26760909.35,18698663.16,334509631.18,,,2546014470.85,21535470579.16,2068508327.57,,,,239472399.55,23843451306.28,-21297436835.43,,28199000.0,,107937870424.39,,18669000000.0,126635069424.39,72204310393.23,7575972648.95,,8057520433.04,87837803475.22,38797265949.17,-289373874.63,14960184644.36,15459279803.77,,,,,30419464448.13,定期报告,未审计,20241030,CNY,合并期末,2023-10-25T17:50:10
20230630,,178201062732.02,,,,,,,,,,,2445377522.07,4490843204.34,185137283458.43,170942183577.59003,,,,,,2254417512.61,10665209175.36,3554252623.77,187416062889.33,-2278779430.9,,1596493789.84,39685918.8,164567.04,18698663.16,310660628.44,,,1965703567.28,14998585601.67,1570703757.46,,,,226234663.58,16795524022.71,-14829820455.43,,,,69050797915.91,,4554000000.0,73604797915.91,50333783864.21,5579093602.51,,2335547370.4,58248424837.12,15356373078.79,-342023274.22,-2094250081.76,15459279803.77,13365029722.01,15459279803.77,,,13365029722.01,定期报告,未审计,20240828,CNY,合并期末,2023-08-25T18:51:04
20230331,,82509656914.92,,,,,,,,,,,658735846.53,5192111220.3,88360503981.75,89887358266.15,,,,,,1482689220.34,3970279709.58,4080895592.39,99421222788.46,-11060718806.71,,886211784.32,,,,186696347.4,,,1072908131.72,6883187849.56,915284882.03,,,,310941341.34,8109414072.93,-7036505941.21,,,,44117219620.5,,1656000000.0,45773219620.5,21754327896.96,1988636959.14,,2574304070.24,26317268926.34,19455950694.16,632793172.41,1991519118.65,15459279803.77,,,,,17450798922.42,定期报告,未审计,20240430,CNY,合并期末,2023-04-26T18:25:03
20221231,,338522230751.87,,,,,,,,,,,23966619179.64,4013759568.9,366502609500.41,313742412549.33,,,,,,3796045980.29,26372263702.45,3533750382.98,347444472615.05,19058136885.36,,3729684617.9,480185918.81,128655426.42,,413191478.93,,,4751717442.06,29457883096.55,3773365703.69,,,,486776219.14,33718025019.38,-28966307577.32,,2498660000.0,2498660000.0,93103414620.97,,14699581588.16,110301656209.13,76513846971.48,11471972294.1,2529500000.0,10759163614.1,98744982879.68,11556673329.45,-528060478.39,1120442159.1,14338837644.67,15459279803.77,14338837644.67,,,15459279803.77,定期报告,是,20240426,CNY,合并期末,2023-04-19T20:50:03
20220930,,248694540796.43,,,,,,,,,,,5060515589.67,3043963006.22,256799019392.32,201349467679.76,,,,,,2919500339.76,16198557251.28,3652757868.21,224120283139.01,32678736253.31,,2660695694.83,480589828.49,123400606.02,,225710951.51,,,3490397080.85,23415517801.61,2732116478.41,,,,322541927.74,26470176207.76,-22979779126.91,,2498660000.0,2498660000.0,61613710671.32,,6708000000.0,70820370671.32,61338880837.25,9647621933.97,2529500000.0,6661431451.5,77647934222.72,-6827563551.4,-609952794.76,2261440780.24,14338837644.67,,,,,16600278424.91,定期报告,未审计,20231026,CNY,合并期末,2022-10-25T17:20:06
20220630,,159196956646.28998,,,,,,,,,,,2157182476.09,2484959437.08,163839098559.46,115043678352.35,,,,,,2152763806.81,12408782000.44,3154804540.26,132760028699.86,31079069859.6,,1893761792.86,474185918.8,123351594.29,,146751092.54,,,2638050398.49,20237056147.11,2007185485.41,,,,25450726.15,22269692358.67,-19631641960.18,,27600000.0,27600000.0,40241485050.6,,2380000000.0,42649085050.6,42674355052.94,5306659201.93,79500000.0,3037227800.9,51018242055.77,-8369157005.17,-153906129.55,2924364764.7,14338837644.67,17263202409.37,14338837644.67,,,17263202409.37,定期报告,未审计,20230826,CNY,合并期末,2022-08-17T19:10:03
20220331,,79475176957.09,,,,,,,,,,,72093763.4,5045353044.92,84592623765.41,56742101144.39,,,,,,1429585702.67,2344595039.33,5478391230.24,65994673116.63,18597950648.78,,759953650.54,0.0,4057343.53,,365263902.99,,,1129274897.06,7631216185.22,936961420.34,,,,148558051.1,8716735656.66,-7587460759.6,,27600000.0,27600000.0,22820388549.99,,550000000.0,23397988549.99,22231875111.15,1931885315.68,,242966240.84,24406726667.67,-1008738117.68,119245736.08,10120997507.58,14338837644.67,,,,,24459835152.25,定期报告,未审计,20230427,CNY,合并期末,2022-04-28T17:55:03
20211231,,213329886608.17,,,,,,,,,,,997424916.7,4868809048.89,219196120573.76,166794082955.23,,,,,,3482252588.46,10382317425.71,4972682170.42,185631335139.82,33564785433.94,,4476729753.45,38906664.24,27726047.56,16552525.23,2369587005.4,,,6929501995.88,58246390580.12,4349151259.07,,,,1174716306.1,63770258145.29,-56840756149.41,,1780000000.0,1780000000.0,141013920343.94,,3770870000.0,146564790343.94,104088124313.86,7845601934.08,,3793609522.73,115727335770.67,30837454573.27,185009743.86,7746493601.66,6592344043.01,14338837644.67,6592344043.01,,,14338837644.67,定期报告,是,20230420,CNY,合并期末,2022-04-25T20:05:04
20210930,,165828081982.63,,,,,,,,,,,1143414806.65,4692401886.03,171663898675.31003,124028678471.63,,,,,,2273737019.8,6611069564.31,5122217207.61,138035702263.35,33628196411.96,,1338700442.65,38906663.86,18208924.61,,1952759129.66,,,3348575160.78,47072537093.16,1233091315.14,,,,1707793977.92,50013422386.22,-46664847225.44,,1275000000.0,1275000000.0,117265201397.66,,3460640000.0,122000841397.66,83514611328.48,6298954914.34,,2844105534.23,92657671777.05,29343169620.61,224652199.19,16531171006.32,6592344043.01,,,,,23123515049.33,定期报告,未审计,20221026,CNY,合并期末,2021-10-26T16:45:05
20210630,,97264788799.79,,,,,,,,,,,367715010.65,4192589911.62,101825093722.06,71322093574.07,,,,,,1628322779.71,2912669265.35,3851591066.72,79714676685.85,22110417036.21,,938764372.61,38906663.86,753139.55,,702943759.33,,,1681367935.35,30891249771.28,986617872.47,,,,1707793977.92,33585661621.67,-31904293686.32,,1260000000.0,1260000000.0,83946525630.36,,2590640000.0,87797165630.36,59382377228.05,4255053735.63,,2500840213.07,66138271176.75,21658894453.61,247439291.53,12112457095.03,6592344043.01,18704801138.04,6592344043.01,,,18704801138.04,定期报告,未审计,20220818,CNY,合并期末,2021-08-12T17:30:03
20210331,,32722073981.94,,,,,,,,,,,39291775.62,2566949793.57,35328315551.13,25472232037.42,,,,,,1027733228.65,895076894.8,2732599323.39,30127641484.26,5200674066.87,,379488764.37,11453357.29,538320.0,,7643000.0,,,399123441.66,18037158985.64,581206154.41,,,,203770000.0,18822135140.05,-18423011698.39,,1245000000.0,1245000000.0,59019149188.39,,1616000000.0,61880149188.39,27897229411.36,1374161619.13,,566751169.62,29838142200.11,32042006988.28,305333239.87,19125002596.63,6592344043.01,,,,,25717346639.64,定期报告,未审计,20220429,CNY,合并期末,2021-04-27T16:00:03
20201231,,126629878975.26,,,,,,,,,,,4414753667.11,4038832352.05,135083464994.42,106956571011.78,,,,,,2256896970.96,2523774794.68,5839449457.12,117576692234.54,17506772759.88,,2639557372.52,1040800249.85,4555922.56,,1653806008.43,,,5338719553.36,55846107603.58,3445250561.24,,,,2331275399.01,61622633563.83,-56283914010.47,,15929150938.4,7965000000.0,102456899896.76,,4367000000.0,122753050835.16,75228709790.24,6111603052.19,149250000.0,5835416984.94,87175729827.37,35577321007.79,218116012.09,-2981704230.71,9574048273.72,6592344043.01,9574048273.72,,,6592344043.01,定期报告,是,20220426,CNY,合并期末,2021-04-14T19:50:02
20200930,,91531294987.36,,,,,,,,,,,2079641169.06,3085890745.22,96696826901.64,84666703374.75,,,,,,1709664270.88,1496254151.7,5113851783.9,92986473581.23,3710353320.41,,804246469.05,61283061.44,1986576.76,,1287193377.42,,,2154709484.67,35632528074.97,1532476924.95,,,,2463273709.0,39628278708.92,-37473569224.25,,13979150938.4,6015000000.0,78874271564.24,,3261591200.0,96115013702.64,42799943001.89,8613530255.7,,4117180291.68,55530653549.27,40584360153.37,-449611029.34,6371533220.19,9574048273.72,,,,,15945581493.91,定期报告,未审计,20211027,CNY,合并期末,2020-10-28T17:55:03
20200630,,57520562585.09,,,,,,,,,,,329927096.78,2996661343.64,60847151025.51,53326223790.01,,,,,,1166294226.89,611473282.3,4100727271.43,59204718570.63,1642432454.88,,734927115.17,51118698.22,1739490.1,,975800478.15,,,1763585781.64,24917910689.1,1001092322.17,,,,1841419031.76,27760422043.03,-25996836261.39,,3200000000.0,3200000000.0,52251401144.77,,2657500000.0,58108901144.77,26245708193.58,3565764539.85,,2986920869.61,32798393603.04,25310507541.73,318157784.37,1274261519.59,9574048273.72,10848309793.31,9574048273.72,,,10848309793.31,定期报告,未审计,20210813,CNY,合并期末,2020-08-11T19:40:02
20200331,,23841672322.59,,,,,,,,,,,237486443.32,1741875018.02,25821033783.93,24700389955.63,,,,,,754200879.27,251961151.88,2243368470.99,27949920457.77,-2128886673.84,,249618348.18,6582954.8,,,872942089.67,,,1129143392.65,10070912751.74,415470235.07,,,,1025165250.64,11511548237.45,-10382404844.8,,1200000000.0,1200000000.0,21122200782.05,,1739000000.0,24061200782.05,5696619439.88,1194813016.51,,2465735418.0,9357167874.39,14704032907.66,-243682534.34,1949058854.68,9574048273.72,,,,,11523107128.4,定期报告,未审计,20210428,CNY,合并期末,2020-04-29T17:40:03
20191231,,94210504555.85,,,,,,,,,,,4869738668.56,3448256858.64,102528500083.05,95681417300.07,,,,,,1718381144.68,2057930370.06,5122649915.39,104580378730.2,-2051878647.15,,5044832231.5,41088083.38,24722547.31,592679902.19,3305748080.8,,,9009070845.18,36885720861.99,5888189625.01,,,,1401719755.18,44175630242.18,-35166559397.0,,3450000000.0,3450000000.0,88077086367.74,,8084533360.0,99611619727.74,50928063191.07,4547214846.83,,8553815912.64,64029093950.54,35582525777.2,-53668369.14,-1689580636.09,11263628909.81,9574048273.72,11263628909.81,,,9574048273.72,定期报告,是,20210415,CNY,合并期末,2020-04-22T18:05:02
20190930,,68666178204.32,,,,,,,,,,,3922072322.55,1808365494.72,74396616021.59,65243869540.55,,,,,,1290987366.4,1432309183.91,2408196308.8,70375362399.66,4021253621.93,,1796332081.98,34284249.11,25655790.3,172679902.19,2783790466.97,,,4812742490.55,32067675302.84,2134772593.38,,,,1770449922.21,35972897818.43,-31160155327.88,,1850000000.0,1850000000.0,56752222789.08,,6314000000.0,64916222789.08,28276376390.69,3652942067.45,,7734992141.67,39664310599.81,25251912189.27,-223686240.46,-2110675757.14,11263628909.81,,,,,9152953152.67,定期报告,未审计,20201029,CNY,合并期末,2020-03-13T14:58:48
20190630,,44578166302.58,,,,,,,,,,,2684077825.99,1654498099.75,48916742228.32,41474064836.43,,,,,,913959642.81,953113907.3,2287337193.97,45628475580.51,3288266647.81,,1189204777.54,25669557.39,564199.08,,2399575708.88,,,3615014242.89,24859302560.32,1283909987.27,,,,828972168.46,26972184716.05,-23357170473.16,,1400000000.0,1400000000.0,43313468337.76,,5019000000.0,49732468337.76,21416202415.69,2525493419.81,,4648992141.67,28590687977.17,21141780360.59,-1878375.0,1070998160.24,11263628909.81,12334627070.05,11263628909.81,,,12334627070.05,定期报告,未审计,20200812,CNY,合并期末,2020-03-13T14:58:48
20190331,,23995390321.76,,,,,,,,,,,581724708.99,1538615800.07,26115730830.82,20935734019.67,,,,,,579350775.99,561677329.15,2193706486.0,24270468610.81,1845262220.01,,867391551.63,7467051.98,565000.0,,1666983999.63,,,2542407603.24,14439176397.26,744625289.68,,,,573835888.15,15757637575.09,-13215229971.85,,600000000.0,600000000.0,27558229345.69,,840000000.0,28998229345.69,12410512169.57,828537919.98,,2102045338.93,15341095428.48,13657133917.21,260712561.47,2547878726.84,11263628909.81,,,,,13811507636.65,定期报告,未审计,20200430,CNY,合并期末,2020-03-13T14:58:48
20181231,,98262883082.48,,,,,,,,,,,6156980201.84,1607624614.92,106027487899.24,96167209662.45,,,,,,1298755061.75,874951147.39,2851885926.38,101192801797.97,4834686101.27,,4197036698.87,55672423.3,8215170.18,18583829.99,1708203427.51,,,5987711549.85,37177557245.34,4544553936.16,,608370967.54,,3435145004.78,45765627153.82,-39777915603.97,,8951056598.77,2987000000.0,82540860084.83,,11801100000.0,103293016683.6,48881299195.94,2387983068.9,,13025004292.09,64294286556.93,38998730126.67,293068287.45,4348568911.42,6915059998.39,11263628909.81,6915059998.39,,,11263628909.81,定期报告,是,20200423,CNY,合并期末,2020-03-13T14:58:48
20180930,,68727626778.98,,,,,,,,,,,4196569364.16,2452380593.04,75376576736.18,67282585877.69,,,,,,907246374.8,827203864.43,3666508146.49,72683544263.41,2693032472.77,,3601772464.04,51501903.72,1509080.08,17116511.11,1753258124.7,,,5425158083.65,23165720785.98,4038890998.1,,147993011.36,,2836998710.8,30189603506.24,-24764445422.59,,8724399995.0,2762500000.0,59408787664.16,,8057900000.0,76191087659.16,28349347342.24,1743567281.23,,10042897064.22,40135811687.69,36055275971.47,-222985284.04,13760877737.61,6915059998.39,,,,,20675937736.0,定期报告,未审计,20191028,CNY,合并期末,2020-03-13T14:58:48
20180630,,40284788916.0,,,,,,,,,,,2656991326.85,986135129.74,43927915372.59,39828446996.4,,,,,,635438485.41,594185441.16,1845083726.82,42903154649.79,1024760722.8,,2991931946.98,42708856.07,1509080.08,17116511.11,871741384.95,,,3925007779.19,12432850480.93,2958693433.03,,,,1306764560.62,16698308474.58,-12773300695.39,,8324399995.0,2362500000.0,30683105827.84,,8017900000.0,47025405822.84,17813632978.27,1271882584.58,,9775689449.16,28861205012.01,18164200810.83,190183685.33,6605844523.57,6915059998.39,13520904521.96,6915059998.39,,,13520904521.96,定期报告,未审计,20190810,CNY,合并期末,2020-03-13T14:58:48
20180331,,17069951240.07,,,,,,,,,,,1048906934.79,4695763052.58,22814621227.44,17467971853.75,,,,,,384821113.83,180665666.74,4676555569.65,22710014203.97,104607023.47,,2539007081.26,9810073.8,,,416901579.6,,,2965718734.66,5669850580.18,2397396212.38,,,,328729734.86,8395976527.42,-5430257792.76,,2352000000.0,2352000000.0,9521879149.72,,1911400000.0,13785279149.72,7953700024.76,323493711.39,,8108735.11,8285302471.26,5499976678.46,285821930.82,460147839.99,6915059998.39,,,,,7375207838.38,定期报告,未审计,20190426,CNY,合并期末,2020-03-13T14:58:48
20171231,,76892891065.31,,,,,,,,,,,5784581300.23,8743580208.03,91421052573.57,77246294079.09,,,,,,851119590.03,660530195.27,8553908101.17,87311851965.56,4109200608.01,,4455960462.96,57482250.46,133810.0,,1240643448.6,,,5754219972.02,14999529391.32,5030733736.38,,2586034116.0,,1805803358.31,24422100602.01,-18667880629.99,,8870000000.0,8863000000.0,38522750233.89,,3595259750.0,50988009983.89,30864246167.91,1316320891.48,,1782697682.69,33963264742.08,17024745241.81,82701481.53,2548766701.36,4366293297.03,6915059998.39,4366293297.03,,,6915059998.39,定期报告,是,20190417,CNY,合并期末,2020-03-13T14:58:48
20170930,,55805922395.53,,,,,,,,,,,4513665172.25,10368141739.9,70687729307.68,58362010347.09,,,,,,617025108.02,458600473.53,7729045868.82,67166681797.46,3521047510.22,,1638601629.01,42369294.96,108776.58,,943199310.7,,,2624279011.25,8441014775.37,1995998378.7,,,,1279074097.78,11716087251.85,-9091808240.6,,5920000000.0,4900000000.0,26951009631.68,,1444083750.0,34315093381.68,22425815189.46,1095293542.85,,3341681491.0,26862790223.31,7452303158.37,82667219.43,1964209647.42,4307346711.46,,,,,6271556358.88,定期报告,未审计,20181026,CNY,合并期末,2020-03-13T14:58:48
20170630,,38181150921.22,,,,,,,,,,,2908861684.16,4536871517.34,45626884122.72,40836273917.15,,,,,,432952905.68,411516997.27,4973842535.24,46654586355.34,-1027702232.62,,685516349.39,33140364.15,104596.58,,643199310.7,,,1361960620.82,4648425487.19,880058627.01,,,,1010850942.8,6539335057.0,-5177374436.18,,1960000000.0,1960000000.0,18322894177.44,,339773520.0,20622667697.44,13107729632.14,780057743.85,,92900466.8,13980687842.79,6641979854.65,-36725827.72,400177358.13,4307346711.46,4707524069.59,4307346711.46,,,4707524069.59,定期报告,未审计,20180818,CNY,合并期末,2020-03-13T14:58:48
20170331,,16983838778.93,,,,,,,,,,,663642441.64,4135420239.2,21782901459.77,16889552499.83,,,,,,267659115.7,133247914.17,3809313509.87,21099773039.57,683128420.2,,627460908.85,9255631.83,101000.0,,125802310.7,,,762619851.38,1668902058.46,736255118.69,,,,57515664.19,2462672841.34,-1700052989.96,,1600000000.0,784000000.0,8132985971.53,,95583750.0,9828569721.53,5781054869.48,218625886.38,,1146934046.61,7146614802.47,2681954919.06,22418614.73,1687448964.03,4307346711.46,,,,,5994795675.49,定期报告,未审计,20180426,CNY,合并期末,2020-03-13T14:58:48
20161231,,52230227446.54,,,,,,,,,,,5546770640.49,11072653828.62,68849651915.65,53143962365.84,,,,,,619252282.33,972919198.65,11332883118.94,66069016965.76,2780634949.89,,10301418377.26,109875985.96,388084.25,,1003278846.66,,,11414961294.13,2983346222.55,10938926269.26,,,,954247516.94,14876520008.75,-3461558714.62,,3285400000.0,1780900000.0,33488699950.72,,1731924951.4,38506024902.12,31712156142.29,1014332071.27,,1915465457.01,34641953670.57,3864071231.55,7745989.11,3190893455.93,1116453255.53,4307346711.46,1116453255.53,,,4307346711.46,定期报告,是,20180328,CNY,合并期末,2020-03-13T14:58:48
20160930,,28268952496.78,,,,,,,,,,,3188713556.45,8840711553.19,40298377606.42,27479482655.26,,,,,,462283424.13,601465844.93,9368493048.24,37911724972.56,2386652633.86,,5125280499.01,52971826.98,311196.58,,1271853275.59,,,6450416798.16,4150589247.76,5259317003.6,,,,1087770095.99,10497676347.35,-4047259549.19,,812400000.0,582900000.0,28452414806.72,,2089795998.97,31354610805.69,22202648989.05,1182336408.79,,2516378335.05,25901363732.89,5453247072.8,-161178824.01,3631461333.46,1116453255.53,,,,,4747914588.99,定期报告,未审计,20171027,CNY,合并期末,2020-03-13T14:58:48
20160630,,16263345783.81,,,,,,,,,,,1021693632.34,5257905028.21,22542944444.36,15769782840.51,,,,,,334583428.64,311820256.5,5983401849.57,22399588375.22,143356069.14,,2192258291.0,32678543.85,,,813509268.33,,,3038446103.18,3012184951.09,2395156386.5,,,,580999145.95,5988340483.54,-2949894380.36,,,,21846580216.52,,2089795998.97,23936376215.49,14366285741.99,920177390.98,,2054840798.97,17341303931.94,6595072283.55,-95500276.85,3693033695.48,1071833758.19,4764867453.67,1071833758.19,,,4764867453.67,定期报告,未审计,20170815,CNY,合并期末,2020-03-13T14:58:48
20160331,,6296444620.28,,,,,,,,,,,7301077.88,4920765542.2,11224511240.36,6676953733.7,,,,,,213351404.35,58119182.7,4117316794.86,11065741115.61,158770124.75,,591873256.57,11026365.78,,,828171915.01,,,1431071537.36,3173461673.06,798472068.2,,,,340888937.38,4312822678.64,-2881751141.28,,200000000.0,,9247093431.48,,1245552837.77,10692646269.25,6887745813.25,-747035482.17,,210939248.97,6351649580.05,4340996689.2,50962619.01,1668978291.68,1071833758.19,,,,,2740812049.87,定期报告,未审计,20170426,CNY,合并期末,2020-03-13T14:58:48
20151231,,26224629024.91,,,,,,,,,,,1376610856.36,11696740156.78,39297980038.05,27327875504.13,,,,,,518827706.92,314837450.33,12206886860.64,40368427522.02,-1070447483.97,,8133757511.17,38715302.95,20217245.0,,359312039.12,,,8552002098.24,3920241447.37,8203754820.1,,,,984909233.66,13108905501.13,-4556903402.89,,3971800000.0,,27276707081.15,,2405322787.68,33653829868.83,24932247203.43,829077397.22,,1808685847.61,27570010448.26,6083819420.57,-101819743.66,354648790.05,717184968.14,1071833758.19,717184968.14,,,1071833758.19,定期报告,是,20170418,CNY,合并期末,2020-03-13T14:58:48
20150930,,19569218112.02,,,,,,,,,,,19745897.91,8907006077.71,28495970087.64,23592392398.28,,,,,,409002020.59,80498569.56,3617154864.21,27699047852.64,796922235.0,,2403984781.7,42136614.05,2501612.76,,364074201.21,,,2812697209.72,2992120319.98,2478771771.7,,,,2892862933.04,8363755024.72,-5551057815.0,,,,19344529485.91,,3454611326.89,22799140812.8,15575080104.3,600649350.88,,123598531.0,16299327986.18,6499812826.62,-294356472.8,1451320773.82,717184968.14,,,,,2168505741.96,定期报告,未审计,20161026,CNY,合并期末,2020-03-13T14:58:48
20150630,,11481788038.95,,,,,,,,,,,12478568.26,5910992469.42,17405259076.63,13059844393.07,,,,,,289133162.13,46114598.95,2792983616.89,16188075771.04,1217183305.59,,1374184948.1,17185752.03,48718.0,,333410941.34,,,1724830359.47,1337077138.35,1517104824.7,,0.0,,932000290.43,3786182253.48,-2061351894.01,,,,11573645154.2,,745322787.68,12318967941.88,10096815679.89,352263759.97,,782202717.4,11231282157.26,1087685784.62,-31538578.99,211978617.21,717184968.14,929163585.35,717184968.14,,,929163585.35,定期报告,是,20160810,CNY,合并期末,2020-03-13T14:58:48
20150331,,4804352660.68,,,,,,,,,,,6238493.05,3409587981.07,8220179134.8,6862815758.47,,,,,,178210993.42,26466748.53,738684189.31,7806177689.73,414001445.07,,,,,,225420882.16,,,225420882.16,1105410563.54,,,,,1261981473.36,2367392036.9,-2141971154.74,,,,6599405717.47,,1002187326.89,7601593044.36,5133890083.3,188007409.94,,26854540.0,5348752033.24,2252841011.12,-59952186.87,464919114.58,717184968.14,,,,,1182104082.72,定期报告,未审计,20160426,CNY,合并期末,2020-03-13T14:58:48
20141231,,27575935245.82,,,,,,,,,,,58237264.64,4841654550.65,32475827061.11,22015287114.09,,,,,,461032357.21,87097463.93,6200347025.74,28763763960.97,3712063100.14,,1392265042.58,29416959.03,38634.19,,265320647.99,,,1687041283.79,3814264171.72,1504812452.38,,,,312072980.39,5631149604.49,-3944108320.7,,,,22806963162.7,994500000.0,207095461.11,24008558623.81,23484324192.87,839294184.84,,575999782.68,24899618160.39,-891059536.58,-13809218.32,-1136913975.46,1854098943.6,717184968.14,1854098943.6,,,717184968.14,定期报告,是,20160426,CNY,合并期末,2020-03-13T14:58:48
20140930,,19888553294.57,,,,,,,,,,,40027070.12,4617450120.38,24546030485.07,15994027615.06,,,,,,361450422.09,83900092.42,3474465636.35,19913843765.92,4632186719.15,,453180664.31,41910653.5,38634.19,,171848194.13,,,666978146.13,3256933496.76,610476302.94,,,,264550499.35,4131960299.05,-3464982152.92,,,,17904268520.53,994500000.0,39510000.0,18938278520.53,17601432546.2,648184527.17,,274581243.72,18524198317.09,414080203.44,-42384860.01,1538899909.66,1854098943.6,,,,,3392998853.26,定期报告,未审计,20151028,CNY,合并期末,2020-03-13T14:58:48
20140630,,13627366831.71,,,,,,,,,,,11377210.24,2727091293.57,16365835335.52,10336218623.77,,,,,,258994733.51,56282576.79,2352467234.56,13003963168.63,3361872166.89,,444599615.79,28220916.85,38000.0,,166873639.07,,,639732171.71,1416007341.11,540276474.5,,,,198334854.86,2154618670.47,-1514886498.76,,,,12045069066.26,,19700000.0,12064769066.26,10737042664.47,505541111.43,,201155554.47,11443739330.37,621029735.89,-44736050.23,2423279353.79,1854098943.6,4277378297.39,1854098943.6,,,4277378297.39,定期报告,未审计,20150825,CNY,合并期末,2020-03-13T14:58:48
20140331,,4269392914.08,,,,,,,,,,,1825261.64,1724603952.99,5995822128.71,3037197207.76,,,,,,163327721.17,17909295.83,1710942016.81,4929376241.57,1066445887.14,,218543614.5,13500000.0,38000.0,,164828903.84,,,396910518.34,611565494.78,170876120.0,,,,97364415.1,879806029.88,-482895511.54,,,,6091118776.81,,,6091118776.81,4561987073.08,155999547.17,,108673782.31,4826660402.56,1264458374.25,-28691543.03,1819317206.82,1818864528.5,,,,,3638181735.32,定期报告,未审计,20150423,CNY,合并期末,2020-03-13T14:58:48
20131231,,24504632925.97,,,,,,,,,,,123969667.23,1957414956.65,26586017549.85,25689223302.47,,,,,,381066444.51,140819747.1,2534940348.66,28746049842.74,-2160032292.89,,635067933.33,35318550.83,33319596.0,,1884003471.27,,,2587709551.43,2035652623.74,1171276670.97,,,,648305534.0,3855234828.71,-1267525277.28,,172364023.93,172364023.93,14605114086.38,,326500000.0,15103978110.31,11195860864.84,700277083.84,,407095461.11,12303233409.79,2800744700.52,221204058.37,-405608811.28,2259707754.88,1854098943.6,2259707754.88,,,1854098943.6,定期报告,是,20150423,CNY,合并期末,2020-03-13T14:58:48
20130930,,18569517528.78,,,,,,,,,,,3970276.82,978095140.36,19551582945.96,19549825981.41,,,,,,299622840.29,107307223.57,764273841.29,20721029886.56,-1169446940.6,,212007696.09,31120897.49,4634881.54,,1552819634.23,,,1800583109.35,2342615860.99,313059224.49,,,,721110000.0,3376785085.48,-1576201976.13,,138375996.39,138375996.39,10502187848.27,,326500000.0,10967063844.66,7585054439.49,496410231.12,,257000000.0,8338464670.61,2628599174.05,168648521.3,51598778.62,2259707754.88,,,,,2311306533.5,定期报告,未审计,20141028,CNY,合并期末,2020-03-13T14:58:48
20130630,,7364986250.03,,,,,,,,,,,2753300.9,785478800.67,8153218351.6,7401865355.28,,,,,,206754556.13,43868430.45,354379559.22,8006867901.08,146350450.52,,15347338.6,2310559.58,,,619152810.43,,,636810708.61,1429742201.75,166947514.5,,,,211110000.0,1807799716.25,-1170989007.64,,138375996.39,138375996.39,6005384619.81,,126500000.0,6270260616.2,4343914692.86,402650396.92,,124500000.0,4871065089.78,1399195526.42,124361583.94,498918553.24,2259707754.88,2758626308.12,2259707754.88,,,2758626308.12,定期报告,未审计,20140726,CNY,合并期末,2020-03-13T14:58:48
20130331,,3767161357.18,,,,,,,,,,,,578685849.59,4345847206.77,3432601928.43,,,,,,123794884.47,61917784.44,584955508.94,4203270106.28,142577100.49,,31748720.21,1772700.0,,,321444976.3,,,354966396.51,1123031086.61,31467385.6,,,,390000000.0,1544498472.21,-1189532075.7,,138375996.39,138375996.39,3474209772.82,,,3612585769.21,2303224000.64,139845477.5,,,2443069478.14,1169516291.07,25439470.18,148000786.04,2259707754.88,,,,,2407708540.92,定期报告,未审计,20140425,CNY,合并期末,2020-03-13T14:58:48
20121231,,19419124680.73,,,,,,,,,,,3221883.51,508812650.42,19931159214.66,17701348811.39,,,,,,269592903.15,330999472.58,671320291.51,18973261478.63,957897736.03,,217909023.98,24780077.78,106588847.0,,369762036.26,,,719039985.02,3203275054.89,214530540.3,,,,1456714356.2,4874519951.39,-4155479966.37,,301548000.0,301548000.0,12258328167.85,,5394608.23,12565270776.08,9042790942.93,1024755555.0,,126500000.0,10194046497.93,2371224278.15,31374833.93,-794983118.26,3054690873.14,2259707754.88,3054690873.14,,,2259707754.88,定期报告,是,20140312,CNY,合并期末,2020-03-13T14:58:48
20120930,,12768739699.98,0.0,0.0,0.0,0.0,0.0,0.0,0.0,0.0,0.0,0.0,69651.29,931200859.15,13700010210.42,10549619865.79,0.0,0.0,0.0,0.0,0.0,205556373.34,310531546.48,2123584165.39,13189291951.0,510718259.42,,101645382.47,1772700.0,6225.95,0.0,482614337.67,,,586038646.09,3047472153.65,89997054.0,0.0,0.0,,1023110000.0,4160579207.65,-3574540561.56,,0.0,0.0,8596001911.5,0.0,171213074.48,8767214985.98,6297289031.91,703555215.4,0.0,0.0,7000844247.31,1766370738.67,-6281580.13,-1303733143.6,3054690873.14,,,,,1750957729.54,定期报告,未审计,20131025,CNY,合并期末,2020-03-13T14:58:48
20120630,,8176135129.18,0.0,0.0,0.0,0.0,0.0,0.0,0.0,0.0,0.0,0.0,60753.15,571738466.83,8747934349.16,7216938366.51,0.0,0.0,0.0,0.0,0.0,141940444.76,323328569.96,533670507.41,8215877888.64,532056460.52,,84603245.69,1772700.0,6000.0,0.0,480160000.0,,,566541945.69,1524322930.99,87000000.0,0.0,0.0,,1611113888.5,3222436819.49,-2655894873.8,,0.0,0.0,5321918652.29,0.0,5394608.23,5327313260.52,4079724992.46,325859440.3,0.0,0.0,4405584432.76,921728827.76,-8101072.44,-1210210657.96,3054690873.14,1844480215.18,3054690873.14,,,1844480215.18,定期报告,未审计,20130809,CNY,合并期末,2020-03-13T14:58:48
20120331,,4076834095.47,,,,,,,,,,,,370135236.05,4446969331.52,3815423120.02,,,,,,91554840.14,170867395.64,95854409.88,4173699765.68,273269565.84,,80090328.0,,6000.0,,300185795.52,,,380282123.52,1158535084.52,80634136.0,,,,1300098660.0,2539267880.52,-2158985757.0,,,,2490230474.02,,2990000.0,2493220474.02,1790172374.5,65288260.06,,50000000.0,1905460634.56,587759839.46,1022708.75,-1296933642.95,3054690873.14,,,,,1757757230.19,定期报告,未审计,20130427,CNY,合并期末,2020-03-13T14:58:48
20111231,,14308472750.45,,,,,,,,,,,2940941.48,248495727.66,14559909419.59,12542373650.88,,,,,,209109288.46,1049588397.38,587930532.5,14389001869.22,170907550.37,,123315850.0,365289115.51,190418.46,,1614041158.0,,,2102836541.97,1801739640.05,823114746.21,,,,312738793.0,2937593179.26,-834756637.29,,,,7505456263.95,,80003664.33,7585459928.28,5350928170.54,801602660.04,196900000.0,245394608.23,6397925438.81,1187534489.47,159511846.16,683197248.71,2371493624.43,3054690873.14,2371493624.43,,,3054690873.14,定期报告,是,20130412,CNY,合并期末,2020-03-13T14:58:48
20110930,,8792638094.95,0.0,0.0,0.0,0.0,0.0,0.0,0.0,0.0,0.0,0.0,0.0,299872614.65,9092510709.6,7137149644.71,0.0,0.0,0.0,0.0,0.0,161534480.34,802424611.68,399153152.03,8500261888.76,592248820.84,,0.0,1772700.0,76439.0,0.0,0.0,,,1849139.0,1833221364.51,370500000.0,0.0,0.0,,914090793.0,3117812157.51,-3115963018.51,,0.0,0.0,5350534187.08,0.0,90043664.33,5440577851.41,4159341801.66,560272641.39,0.0,489542984.32,5209157427.37,231420424.04,122216500.84,-2170077272.79,2371493624.43,,,,,201416351.64,定期报告,未审计,20121026,CNY,合并期末,2020-03-13T14:58:48
20110630,,4812408898.94,0.0,0.0,0.0,0.0,0.0,0.0,0.0,0.0,0.0,0.0,0.0,246548217.07,5058957116.01,3881921895.67,0.0,0.0,0.0,0.0,0.0,121012052.01,577902452.13,105107130.84,4685943530.65,373013585.36,,0.0,1772700.0,0.0,0.0,1556391922.3,,,1558164622.3,1302092566.77,228000000.0,0.0,0.0,,914090793.0,2444183359.77,-886018737.47,,0.0,0.0,3886742480.04,0.0,90043664.33,3976786144.37,3003247762.41,277143228.26,0.0,143450000.0,3423840990.67,552945153.7,67346354.24,107286355.83,2371493624.43,2478779980.26,2371493624.43,,,2478779980.26,定期报告,未审计,20120829,CNY,合并期末,2020-03-13T14:58:48
20110331,,3634504563.14,,,,,,,,,,,,239542032.4,3874046595.54,3191482902.01,,,,,,74603382.87,343402616.44,132517031.48,3742005932.8,132040662.74,,,5716381.23,9186.33,,,,,5725567.56,548411851.29,,,,,1547822.0,549959673.29,-544234105.73,,,,1177188120.47,,18308664.33,1195496784.8,1412031741.01,36319080.31,,330043667.79,1778394489.11,-582897704.31,5377350.22,-989713797.08,2371493624.43,1381779827.35,2371493624.43,,,1381779827.35,定期报告,未审计,20120426,CNY,合并期末,2020-03-13T14:58:48
20101231,,9847360834.21,,,,,,,,,,,208084.57,165730159.85,10013299078.63,6678613370.75,,,,,,138205339.76,700061005.12,311421581.7,7828301297.33,2184997781.3,,329053625.0,253794600.0,210000.0,,213181946.0,,,796240171.0,858183801.24,385981125.0,,35409999.91,,1569086446.0,2848661372.15,-2052421201.15,,2945800000.0,30000000.0,4560655685.93,,360040000.0,7866495685.93,5786932479.73,651196147.09,204460000.0,425024624.33,6863153251.15,1003342434.78,79443133.87,1215362148.8,1156131475.63,2371493624.43,1156131475.63,,,2371493624.43,定期报告,是,20120221,CNY,合并期末,2020-03-13T14:58:48
20100930,,7131932736.95,,,,,,,,,,,,160644498.58,7292577235.53,5390578351.39,,,,,,105019812.88,394402035.74,238014889.73,6128015089.74,1164562145.79,,325285300.0,253794600.0,,,768500.0,,,579848400.0,814660061.07,221254800.0,,35409999.91,,6408230.44,1077733091.42,-497884691.42,,30000000.0,30000000.0,4116550387.7,,276000000.0,4422550387.7,4402935882.45,605990826.88,,328860000.0,5337786709.33,-915236321.63,51670184.79,-196888682.47,1156131475.63,959242793.16,1156131475.63,,,959242793.16,定期报告,未审计,20111024,CNY,合并期末,2020-03-13T14:58:48
20100630,,4513188169.34,,,,,,,,,,,,141207824.4,4654395993.74,3540002771.35,,,,,,79048292.14,144327389.93,164735030.45,3928113483.87,726282509.87,,325285300.0,253794600.0,,,768500.0,,,579848400.0,600753843.16,226019800.0,,35409999.91,,6383446.0,868567089.07,-288718689.07,,30000000.0,30000000.0,3561192207.32,,276000000.0,3867192207.32,3487733555.24,545538267.99,204460000.0,328860000.0,4362131823.23,-494939615.91,12055973.09,-45319822.02,1156131475.63,1110811653.61,1156131475.63,,,1110811653.61,定期报告,是,20110815,CNY,合并期末,2020-03-13T14:58:48
20100331,,2856183834.29,,,,,,,,,,,,90420503.7,2946604337.99,2451718018.24,,,,,,50633804.5,26816069.6,88453304.25,2617621196.59,328983141.4,,,185871000.0,,,,,,185871000.0,240001537.26,,,35409999.91,,,275411537.17,-89540537.17,,30000000.0,30000000.0,1650096103.66,,,1680096103.66,626464951.06,256201126.43,,,882666077.49,797430026.17,4509766.85,1041382397.25,1156131475.63,2197513872.88,1156131475.63,,,2197513872.88,定期报告,未审计,20110420,CNY,合并期末,2020-03-13T14:58:48
20091231,,8287623755.78,,,,,,,,,,,497311.7,425058192.74,8713179260.22,7277075811.04,,,,,,106856945.19,152400667.79,237320986.05,7773654410.07,939524850.15,,178647609.45,29337500.0,,,80627071.25,,,288612180.7,399489047.73,269033977.4,,,,30000.0,668553025.13,-379940844.43,,,,4865560634.78,,481904407.04,5347465041.82,5367330650.17,310206350.05,,396350000.0,6073887000.22,-726421958.4,-5471263.04,-172309215.72,1328440691.35,1156131475.63,1328440691.35,,,1156131475.63,定期报告,是,20110226,CNY,合并期末,2020-03-13T14:58:48
20090930,,5006766479.84,,,,,,,,,,,90024.22,576836427.46,5583692931.52,4323910922.65,,,,,,82165209.39,110907933.38,330740704.37,4847724769.79,735968161.73,,113772457.72,29337500.0,,,11712152.0,,,154822109.72,288313757.18,133430282.67,,,,,421744039.85,-266921930.13,,,,3827199785.49,,362306084.93,4189505870.42,3656600914.26,238126719.84,,552203550.77,4446931184.87,-257425314.45,-3653817.61,207967099.54,1328440691.35,1536407790.89,1328440691.35,,,1536407790.89,招股说明书/意向书,未审计,20101101,CNY,合并期末,2020-03-13T14:58:48
20081231,,6315200012.0,,,,,,,,,,,4396303.81,313348628.37,6632944944.18,5665225535.69,,,,,,104981328.96,60837412.18,515922029.73,6346966306.56,285978637.62,,107519769.99,70701500.0,,,50550000.0,,,228771269.99,2505731074.22,152261042.6,,12500000.0,,110000000.0,2780492116.82,-2551720846.83,,476756000.0,476756000.0,6156421043.59,,547800000.0,7180977043.59,4018685187.87,465009750.36,,243084407.04,4726779345.27,2454197698.32,50421930.38,238877419.49,1089563271.86,1328440691.35,1089563271.86,,,1328440691.35,招股说明书/意向书,是,20101012,CNY,合并期末,2020-03-13T14:58:48
20071231,,5677603767.58,,,,,,,,,,,4418622.26,2546676742.21,8228699132.05,5634235432.34,,,,,,91121328.21,123222224.2,2525936549.74,8374515534.49,-145816402.44,,154236570.0,1201500.0,13392222.41,,269098066.18,,,437928358.59,253819086.18,216378344.76,,,,2500000.0,472697430.94,-34769072.35,,,,4101783079.78,,452000000.0,4553783079.78,3536521434.31,213921273.0,,446450000.0,4196892707.31,356890372.47,39012738.88,215317636.56,874245635.3,1089563271.86,874245635.3,,,1089563271.86,招股说明书/意向书,是,20101012,CNY,合并期末,2020-03-13T14:58:48
